00 	99.67278840589988 	1.4871308231319347 	1.4941693992363128 	15.791243225502100 	0.1901949785335066 	0.14324256587321393 	2356318906000000.0 	15.3722340678
01 	98.20144002946722 	1.3263550573371958	1.3320247880350990	15.912793379209848 	0.1383647296425270 	0.11363703859750984 	2140731250000000.0 	15.3305621489
02 	98.94639403406299	1.3659501861704370	1.3731365300836273 	15.454180209440570 	0.7776709903038839 	0.24727491943166235 	1226483984000000.0 	15.0886618814
03 	98.89855080595845 	1.2385711479224284 	1.2423725962323289 	15.420763608426217 	1.6552727170073211 	0.28908171034599660 	1203122344000000.0 	15.0803097924
04 	97.67536270961648 	1.2015765857301943 	1.2191298319085746 	15.016718031104885 	3.0555913257234852 	0.57106009981896650 	1136691719000000.0 	15.0556426961
05 	98.28109219792528 	1.6136955009061182 	1.6357786310795461 	15.306678844757759 	2.4480468484827576 	0.35875192796469510 	1094934375000000.0 	15.0393880905
06 	98.67271982939408 	1.2103303619935560	1.2261272391158116 	13.362376776240513 	2.2887428305278625 	1.86958106537953840 	1086791719000000.0 	15.0361463206
07	98.55158078571056 	1.5250426685920218 	1.5368305830825477 	15.261581538592289 	1.8502229022170944 	0.30146452688961034 	1075795078000000.1 	15.0317295530
08 	98.03067773523959 	1.5347288380383760	1.5486125002945244 	15.421558949550260 	1.4688632378325845 	0.27383589647217830 	1039947891000000.0 	15.0170115785
09 	99.85499693338110	1.3677763677852965 	1.3833269828110986 	14.967694120718509 	2.7595930367885570 	0.44508207228853360 	9930325781000000.0 	14.9969634965
10 	100.6270394802797 	1.1917753466964456 	1.1946997125054110 	14.704441165116585 	2.9891694677287504 	0.69292843340554630 	9848408594000000.0 	14.9933660584
11 	99.32751606141588 	1.6669022416875805 	1.6893396457412848 	15.308464570845508 	2.0515039096250973	0.31622318203396027 	9197889844000000.0 	14.9636882041
12 	93.50029165241305 	1.6091509194334180	1.6244655225587081 	14.840436581367548 	2.9143176363997725 	0.55535960295082990 	9140975000000000.0 	14.9609925212
13 	98.87828293226714 	1.1130839952945877 	1.1437975529615443 	14.709882650370385 	3.1121231433921555 	0.93699934581353260 	8677992969000000.0 	14.9384192939
14	100.1467064207861 	1.2227041696511378 	1.2193953062347730 	15.316434139983718 	0.7126923513632963 	0.23393432243532786 	8461417188000000.0 	14.9274431084
15 	101.9247368034999 	1.5129277650454470	1.5154411331190830 	15.402950910588240 	1.0731592575931295	0.25996953968521020 	8229659375000000.0 	14.9153818602
16 	98.45302810502410	1.3790555856783158 	1.4058050455943913 	15.118261998587553 	3.0085884658091597 	0.50225993109258840 	8139110156000000.0 	14.9105769263
17	95.32425133988438	1.6972844252359067	1.7194700264652027	13.817093669379156	2.5775287394231510	1.46648911078541200	8127895312000000.0	14.9099781012
18	98.11637376948762	1.2715661889134822	1.2848934580218980	14.849895506737024	3.0547091441595917	0.66956191507094690	8032732812000000.0	14.9048633215
19	99.58998681763929	1.3887873120675210	1.4181845298593743	15.385567438844195	2.8293578050227897	0.40489567186011930	7981205469000000.0	14.9020684915
20	96.97705416360790	1.0547063578273140	1.0565153154972506	13.656017722119396	2.4691766864104956	1.41739618992675000	7975008594000000.0	14.9017311597
21	99.58664348133996	1.7886783273110325	1.8112961747942506	15.381634063243117	1.7439541002369996	0.29144192794858803	7857614844000000.0	14.8952907372
22	99.16833041398944	1.2558709497385080	1.2643525504145714	15.374100986671024	1.1898053380575550	0.26578123971754230	7699968750000000.0	14.8864889626
23	95.25224126545453	1.8838432933397370	1.9018070037796093	14.191411688646742	2.8031782414538160	1.13407366026247660	7485527344000000.0	14.8742224011
24	99.28098078241946	1.4067122498852030	1.4215097362243796	14.885200359421097	2.9255896776556547	0.54791748330602990	7392283594000000.0	14.8687786196
25	100.9997152191468	1.3723291033517029	1.3935389721689120	15.143687253738012	2.5722317937469903	0.37671537516742504	7337812500000000.0	14.8655666102
26	96.30887993425080	1.7651482747194365	1.7935906926883831	14.231531299173860	2.8325392573076940	1.14632939762151050	7305159375000000.0	14.8636296953
27	96.29177884334948	1.7484719406072742	1.7574806762000748	14.638604956298675	2.9977963875535370	0.76911629139074300	7290459375000000.0	14.8627548943
28	97.82152058922084	1.4518840753370768	1.4643795466504770	15.363152667784918	1.5551970885683293	0.28186307684073064	7289297656000000.0	14.8626856849
29	99.01028091358144	1.3360155078317320	1.3450247849790742	14.205197608412323	2.8251069066608050	1.20783766857017130	7232580469000000.0	14.8592932743
30	97.98164274000024	1.5627649997040862	1.5781811384577082	14.467914720294093	2.9462319326731254	0.91688599914657410	7222708594000000.0	14.8587000933
31	96.72980077544398	1.4270957511161270	1.4513796291932834	15.040491480110880	3.0173579515563490	0.54317215548100780	7115212500000000.0	14.8521878751
32	97.69988970998861	1.3755737925357180	1.3942295999663514	14.694782611115677	2.9963130117642580	0.72611790617377100	6951808594000000.0	14.8420978061
33	98.10841224122655	1.5199722224965768	1.5261050607681739	13.082317848497315	2.0923670954291680	1.80291750079873660	6938605469000000.0	14.8412721941
34	97.71600650106818	1.4330686562945942	1.4346507447266674	13.115513847057162	2.1175630923481776	1.73208084937095740	6910600000000000.0	14.8395157558
35	98.98528283729708	1.4427404242902213	1.4462605142267080	14.204616989704093	2.7998878447515240	1.04548194799841630	6603078906000000.0	14.8197464871
36	99.56224862339806	1.5191274330443890	1.5329014010144704	14.968481817622823	2.6525353843984885	0.41642600392324700	6520360938000000.0	14.8142716370
37	101.0606776472716	1.6591907935693940	1.6756261872995140	13.333035654456348	2.2575828211392697	1.66779915176274150	6391718750000000.0	14.8056176568
38	97.67147155298676	1.2789675228008122	1.2934495958147210	13.617759910286798	2.4500730080061306	1.62446377112987330	6389437891000000.0	14.8054626529
39	97.77917149872246	1.5411251594072866	1.5582789839301512	13.265091967655717	2.2172564784280517	1.75731687971149600	6298208203000000.0	14.7992170132

